100
950 71
801 16
885 57
289 65
226 22
924 39
492 78
387 98
500 44
823 3
2 97
2 1
616 91
642 34
635 54
2 50
1000 5
950 95
484 74
446 2
2 99
319 10
915 30
432 88
580 93
29 97
507 14
95 37
3 10
824 54
1000 4
1000 2
30 46
373 46
779 34
684 94
424 35
1000 98
978 10
132 90
2 96
2 2
462 18
397 40
451 5
2 95
1000 96
728 33
755 11
254 30
555 27
5 75
958 86
289 48
239 20
745 5
440 28
13 37
540 8
79 65
70 56
1000 95
1000 97
758 85
712 1
1000 3
950 63
865 5
270 26
522 40
598 42
582 60
1000 1
439 40
398 61
452 71
808 71
2 5
659 89
2 4
537 11
793 69
279 28
252 96
494 92
871 75
838 46
2 36
906 56
2 98
1000 99
837 81
875 93
355 11
918 38
81 39
2 3
551 71
908 56
772 5
